.Random.seed <-
c(403L, 10L, -69062755L, -915694057L, -1738407042L, 1278996792L, 
-852713957L, 502955897L, 651160008L, 1534858742L, 40359985L, 
-155069853L, -1038340558L, 1086102404L, -456164921L, -2074013539L, 
-711104492L, 2132434618L, -1530646779L, -1693557537L, 1077292390L, 
2116061424L, 1283427347L, -1809333839L, -604955552L, -1539606018L, 
-2041782903L, 55139003L, -1073486198L, 582725996L, -598858001L, 
-2048384731L, 283992028L, 1609444786L, -1585390419L, 1225014375L, 
-133225586L, -840719256L, -1405190037L, -1099863543L, -2129660776L, 
-1428109370L, 1470356257L, 986478515L, -455401694L, -97685228L, 
-251543145L, 1496359309L, -1629173596L, -936910198L, 1568315637L, 
-1183264945L, 1673951318L, -1169480960L, 447624771L, -1549816351L, 
-2023253680L, 899100590L, -868792999L, 1704420203L, -827252006L, 
193631132L, 1235857311L, 1354200565L, 70719628L, -1030055582L, 
-1648093891L, 775173559L, 1659167326L, -1265269864L, 1461349115L, 
-1472093543L, 1452960552L, 1783757270L, 291513937L, -500251389L, 
-2094049134L, -915288540L, 1053389031L, 522429757L, -1670151756L, 
1607073306L, -1852064411L, 1944191999L, 426533510L, -1272585712L, 
1897060531L, 443347793L, -1592074496L, 1153027550L, 1798649385L, 
-461914661L, 880493290L, 2036658316L, -240656433L, 1994422149L, 
-1542433732L, -1077258990L, -82025971L, 633403719L, -582825170L, 
-2144713080L, -95670389L, -730259607L, -1434414792L, 1679625190L, 
928185217L, 492507923L, 1082055874L, -222808204L, 244611959L, 
-468280211L, -453086460L, -457545174L, 1066977173L, 1892363311L, 
-1289738954L, 970943840L, -1042371677L, 802286785L, -1540608848L, 
1994148814L, 484970297L, 1470443339L, 1895644410L, -100497924L, 
-994298305L, -1630360811L, 414853164L, -1246209790L, -1721478691L, 
1230762199L, -1627661378L, -1594495496L, -634365477L, 320059449L, 
850731400L, 1876331830L, 817469297L, 1794680227L, -135423758L, 
-316332988L, -1072775417L, 1157902045L, 1935380436L, -2006745350L, 
1845920325L, 1332286111L, 1326284838L, 1690830000L, 1301448019L, 
1620852849L, 604962208L, 660992318L, 1640185929L, -1915214597L, 
-801370934L, 410505772L, -1075755473L, 1487046373L, -1134490724L, 
-1008124430L, -1118082963L, 1184866727L, -503172146L, -1586824920L, 
2126498603L, -648304311L, 1174978136L, -714002682L, -1873478943L, 
-685199757L, 249329378L, 1660529236L, -1651264681L, 781039437L, 
1603128036L, 1499288266L, 1554737973L, 710451599L, 2000197270L, 
-854165952L, -1522364669L, -82573535L, -710127600L, -1177188370L, 
-1516034151L, -344866773L, -1591634662L, -9660452L, 1641855455L, 
-1912054347L, 2044324684L, -1344976478L, 1569392893L, -1539336713L, 
31240990L, 922906072L, -1674098885L, -855985959L, -877863832L, 
-1739742826L, -1850662639L, 569381571L, -107435310L, 2114231140L, 
-82800985L, 2138568701L, -570281484L, 169328346L, 569917477L, 
-1292268225L, 1683145414L, 1803562832L, 1431940979L, 1501720977L, 
1016243136L, 1236419998L, 1651324777L, 1273082779L, 1419393706L, 
359716044L, -164647537L, 337398213L, 1621044604L, -1460005422L, 
1097298253L, -135449593L, -1285520402L, 223806868L, -1075577774L, 
991134176L, 552067276L, 1060367008L, 1721737602L, -1541008152L, 
1226636012L, -1984782020L, -563274638L, 2113699440L, 1547552292L, 
1061081144L, -1535027942L, 1882411216L, 826654012L, 2031198100L, 
-2059016318L, -809803840L, 676785724L, -1281126000L, -2040609758L, 
2000503048L, -666413940L, 880100124L, 1196359826L, 2094535040L, 
1846570004L, 2014439208L, -2060161478L, -1502936624L, 1502040428L, 
1109798836L, 1405609490L, 1516598240L, -106179124L, 1213883616L, 
-1171441630L, 407093032L, -1718532596L, -101885124L, 2126322674L, 
4215536L, -1438277052L, 1643460184L, 209821498L, 1513749488L, 
-1223422276L, -1346712300L, -776277822L, -1164262304L, -1365995140L, 
-2046246960L, -47781598L, 1509154472L, 1039221644L, 1285268668L, 
343467826L, 1030165056L, 1803496628L, -1912208312L, 865067450L, 
-182817264L, -1794234132L, 610845012L, 256663314L, -1366256224L, 
-1497617716L, -1671756192L, -1445396542L, -1585792216L, 1471255980L, 
-1763993284L, -1630738574L, 1164032304L, -410915036L, -818500296L, 
344484570L, 1735395216L, 1409856252L, 252399508L, 1637210178L, 
-1148953344L, -1655294916L, -2116758192L, 755689634L, 271636296L, 
1534906124L, -964400420L, -1300399278L, -733150592L, 1127319636L, 
784585704L, 289670906L, 887730512L, -1299879124L, 1322200948L, 
1886579602L, 958963296L, -1824391284L, 1575535456L, -661643294L, 
1605328808L, 1061463244L, -1917178372L, 466740146L, -445795856L, 
-667192892L, -335920808L, -99785350L, 2094358960L, -7442500L, 
-736665516L, 1504945090L, 1324342304L, 633453756L, 1071915600L, 
110782434L, 261533288L, 564116044L, -2083700484L, 1346441202L, 
-1578822400L, -1674211468L, 1838206984L, -491172422L, -1031862832L, 
-1401062420L, 150859668L, 19342290L, 843208544L, -636531380L, 
381107488L, 1963230082L, -2115779864L, 610256108L, -700771780L, 
1896838002L, 2094369392L, -2035589084L, 130264888L, 1263113370L, 
-1968571696L, -488937284L, -740338028L, 1320767106L, -224326464L, 
235184444L, -615606128L, 128569890L, -845074936L, 2129316108L, 
-847807844L, -387992046L, 358335872L, 1886496276L, 866131496L, 
762869050L, 1476339664L, -2033491348L, 514608948L, 1450904210L, 
873023840L, -1599563444L, -1069072416L, -341071966L, -1763119192L, 
-1318448244L, 1093678780L, -1432585358L, -93038352L, 1921298500L, 
1812704600L, 1828758586L, -1813390480L, 337914940L, -250547436L, 
1607721410L, -584892192L, -998299780L, 1341662928L, -1293666654L, 
368749608L, -1635299060L, 1971985340L, -1167008462L, 1902032832L, 
-968678860L, -712148024L, -1070218054L, -1040642160L, -2109227540L, 
-1377820588L, -1345712494L, -14511328L, 1638700492L, 1106664416L, 
-1278883134L, 193415720L, -1997134164L, 1006283452L, 1404959218L, 
135776560L, 331308196L, 307989176L, 1951527770L, 660583824L, 
649298300L, -291990252L, -1773358782L, -387269888L, 174128060L, 
-1399364784L, 1237653794L, -139920056L, 512264204L, -1619230628L, 
2126318802L, -36280320L, 476978004L, 1122626024L, 834904058L, 
-238461232L, -1346833108L, -1902718732L, -1420388462L, 1196276832L, 
1408983632L, 1609779065L, 1203961003L, -1383697380L, 1814414154L, 
-312646849L, -1570173559L, -1156156002L, -1006310324L, 1295982109L, 
1704522663L, -190449968L, 945457262L, 564461339L, 90767485L, 
-2007667094L, 1829678856L, 2134937521L, -792958941L, -1612768988L, 
-430928430L, 1460178471L, 916142193L, 1052544694L, 1229619796L, 
-731783451L, 2144713455L, -133351896L, 609206918L, 2025905331L, 
-903233003L, -643619726L, 1988133056L, -988269271L, 420965275L, 
112573548L, 177029242L, 1956358575L, 336060601L, 1806832334L, 
-1992953828L, -1360788595L, 81067511L, 1438093568L, 1393622878L, 
-474716117L, 163546925L, 502959002L, -643126952L, 1278635201L, 
-1168024717L, 406419604L, -1607500510L, 830553143L, 1922667777L, 
-1855531002L, 1013263940L, -22300811L, 1869875935L, -1201777096L, 
-1021917674L, -131122653L, -1668508187L, 950971394L, 1306594928L, 
-2075698151L, -1099047413L, 1497160956L, -1846447830L, 537528159L, 
-1111292183L, -1550195202L, -615155220L, 2053161277L, 1248055559L, 
853958896L, -1788724082L, -1085000005L, 372623005L, -843693494L, 
1554718824L, -1246228399L, -1653292221L, 1084597828L, -514845454L, 
-1111224121L, 1040507537L, -569353194L, -1287436684L, 824082693L, 
-1317986481L, -431007416L, 1631937766L, -1250493933L, 2100166005L, 
1035862354L, 1250879904L, -1344102263L, 1881639099L, 1448092428L, 
718594714L, 725764111L, 1234463833L, -458178322L, -570506372L, 
-149540883L, -107738985L, 1526297440L, -718867650L, 1563810827L, 
2054257805L, 581066170L, -89377800L, -1034506335L, 694020435L, 
-149444492L, 1280457218L, -1613925225L, 1141282401L, -1245094234L, 
-792140124L, -501673131L, -1791905793L, 1407880856L, 1115476918L, 
610031683L, -978734715L, 1461613090L, 155678992L, -356734791L, 
132197739L, 2015474780L, 261036426L, -596128385L, -1665728311L, 
-1316268706L, -849492468L, -699819555L, 85141735L, 1665862928L, 
812221486L, -1328825637L, -1694209091L, 840901930L, -1399694904L, 
